./runSim.dist/runSim.bin --chrom "[46.69311480143261, 0, 1, 75.32817352268596, 0, 1, 73.59658231132768, 0, 99.60417107965795, 0, 1, 2.0411976515054184, 0, 32.3383816518502, 1, -98.37497217487515, 1, 5.003389564101793, 0.8868129134885122, 117.88075918045124, [0, 0, 0, 1, 0, 1, 1, 0, 1, 0, 1, 0, 0, 0, 1, 1, 1, 1, 1, 1, 1, 1, 0, 0], [None], 92.52160102436997, 93.67569848591106, 0, 0, 0.003238295827251844]" --run True

gzip Data/pyth_BTC_USD_1min.csv

xz -9 runSim.dist/runSim.bin

gunzip Data/pyth_BTC_USD_1min.csv.gz
xz -d runSim.dist/runSim.bin.xz
xz -d runSim.bin.xz

python3 Simulation/runSim.py --chrom "[46.69311480143261, 0, 1, 75.32817352268596, 0, 1, 73.59658231132768, 0, 99.60417107965795, 0, 1, 2.0411976515054184, 0, 32.3383816518502, 1, -98.37497217487515, 1, 5.003389564101793, 0.8868129134885122, 117.88075918045124, [0, 0, 0, 1, 0, 1, 1, 0, 1, 0, 1, 0, 0, 0, 1, 1, 1, 1, 1, 1, 1, 1, 0, 0], [None], 92.52160102436997, 93.67569848591106, 0, 0, 0.003238295827251844]" --data "Data/pyth_BTC_USD_1min.csv" --startDate "2026-01-01" --endDate "2026-02-01" --run True --fee 0.05
python3 Simulation/runSim.py --chrom "[46.69311480143261, 0, 1, 75.32817352268596, 0, 1, 73.59658231132768, 0, 99.60417107965795, 0, 1, 2.0411976515054184, 0, 32.3383816518502, 1, -98.37497217487515, 1, 5.003389564101793, 0.8868129134885122, 117.88075918045124, [0, 0, 0, 1, 0, 1, 1, 0, 1, 0, 1, 0, 0, 0, 1, 1, 1, 1, 1, 1, 1, 1, 0, 0], [None], 92.52160102436997, 93.67569848591106, 0, 0, 0.003238295827251844]" --data "Data/pyth_BTC_USD_1min.csv" --startDate "2026-01-01" --endDate "2026-02-01" --run True --percentTradeThreshold 0.1 --settingAllChroms False
./runSim.dist/runSim.bin \
  --chrom " [46.69311480143261, 0, 1, 75.32817352268596, 0, 1, 73.59658231132768, 0, 99.60417107965795, 0, 1, 2.0411976515054184, 0, 32.3383816518502, 1, -99.69178110760096, 1, 5.027146492154843, 0.8790245229235889, 117.88075918045124, [0, 0, 0, 1, 0, 1, 1, 0, 1, 0, 1, 0, 0, 0, 1, 1, 1, 1, 1, 1, 1, 1, 0, 0], [None], 91.91060629399428, 100, 0, 0, 0.0001]" \
  --data "Data/pyth_BTC_USD_1min.csv" \
  --startDate "2026-01-01" --endDate "2026-02-01" --run True
  
[46.69311480143261, 0, 1, 75.32817352268596, 0, 1, 73.59658231132768, 0, 99.60417107965795, 0, 1, 2.0411976515054184, 0, 32.3383816518502, 1, -96.63756034083562, 1, 4.992809442331794, 0.8790245229235889, 117.88075918045124, [0, 0, 0, 1, 0, 1, 1, 0, 1, 0, 1, 0, 0, 0, 1, 1, 1, 1, 1, 1, 1, 1, 0, 0], [None], 90.16957568954594, 98.48501170487532, 0, 0, 0.0001], OOS: 4.367924984812733
Gen 33 best fitness: 1.78, chromosone: [46.69311480143261, 0, 1, 75.32817352268596, 0, 1, 73.59658231132768, 0, 99.60417107965795, 0, 1, 2.0411976515054184, 0, 32.3383816518502, 1, -99.69178110760096, 1, 5.027146492154843, 0.8790245229235889, 117.88075918045124, [0, 0, 0, 1, 0, 1, 1, 0, 1, 0, 1, 0, 0, 0, 1, 1, 1, 1, 1, 1, 1, 1, 0, 0], [None], 91.91060629399428, 100, 0, 0, 0.0001], OOS: 4.598692455620257
Gen 44 best fitness: 1.79, chromosone: [46.69311480143261, 0, 1, 75.32056457867913, 0, 1, 73.59658231132768, 0, 100, 0, 1, 2.0411976515054184, 0, 33.285054669634235, 1, -96.63756034083562, 1, 5.027146492154843, 0.8790245229235889, 117.88075918045124, [0, 0, 0, 1, 0, 1, 1, 0, 1, 0, 1, 0, 0, 0, 1, 1, 1, 1, 1, 1, 1, 1, 0, 0], [None], 90.16957568954594, 96.29117110124908, 0, 0, 0.0001], OOS: 4.4674563796515425
[51.639917138003256, 0, 1, 72.4659193498621, 0, 1, 79.4260042458526, 0, 100, 0, 1, 0, 0, 28.990224204731305, 1, -95.64068063088891, 1, 5.01878368799605, 0.8868129134885122, 112.71188538548296, [1, 0, 0, 1, 0, 1, 1, 0, 1, 1, 1, 1, 0, 0, 1, 1, 1, 1, 1, 1, 1, 1, 1, 0], [None], 98.68257378215733, 100, 0, 0, 0.0001]

./runSim.dist/runSim.bin \
  --chrom "[46.69311480143261, 0, 1, 75.32817352268596, 0, 1, 73.59658231132768, 0, 99.60417107965795, 0, 1, 2.0411976515054184, 0, 32.3383816518502, 1, -98.37497217487515, 1, 5.003389564101793, 0.8868129134885122, 117.88075918045124, [0, 0, 0, 1, 0, 1, 1, 0, 1, 0, 1, 0, 0, 0, 1, 1, 1, 1, 1, 1, 1, 1, 0, 0], [None], 92.52160102436997, 93.67569848591106, 0, 0, 0.003238295827251844]" --data "Data/pyth_BTC_USD_1min.csv" --startDate "2026-01-01" --endDate "2026-02-01" --run True --percentTradeThreshold 0.1 --settingAllChroms False


./runSim.bin --chrom "[38.45071715341702, 0, 1, 62.693108159829265, 0, 1, 78.06052588627227, 0, 100, 0, 0, 3.9713877000536026, 0, 27.41783014637628, 0, -107.72175453503003, 1, 4.977412109831531, 0.9800128091948648, 142.68885798790737, [1, 1, 1, 1, 1, 1, 1, 1, 1, 1, 1, 1, 1, 1, 0, 1, 0, 1, 1, 0, 1, 1, 1, 0], [None], 87.54857355614544, 90.34006828174037, 0, 0, 0.004244081676941874]" --data "Data/pyth_BTC_USD_1min.csv" --startDate "2023-01-01" --endDate "2026-03-01" --percentTradeThreshold 0.118 --fee 0.00045248 --settingAllChroms False
    # --run True 

./runSim.bin --chrom "[6.2166396766168965, 1, 1, 99.10115492972415, 0, 1, 3.478978754457235, 1, 4.468006024407636, 1, 0, 2.8669640972944173, 1, 39.065478690092746, 1, -70.87350316470943, 1, 4.77896729333327, 0.5, 46.63, 0, 22, 63.59411545551871, 15.638535213355174, 0, 0, 0.01997413861775567]" --data "Data/NAS100_1min.csv" --startDate "2023-01-01" --endDate "2026-02-01" --percentTradeThreshold 0.703 --fee 0.00045248 --settingAllChroms False